16
CB01
San Bay Vinh
MB01
1 0 12 12 2021
1
11
40
1 184404299
2 184404292
3 123456789
10 321321123
12 161616161
13 131313131
14 141414141
30 125412312
31 123412341
39 184404123
40 184404288
CB02
Sb Vinh
MB02
1 9 1 10 2021
1
1
60
1 123456789
CB03
Sb Noi Bai
MB03
15 30 5 7 2021
3
0
20
CBE50
Sb Noi Bai
MB01
5 0 13 12 2021
1
0
40
CB05
Sb Noi Bai
MB01
1 0 12 9 2021
0
0
40
MH370
Ha Noi
MB06
1 10 12 9 2021
1
4
120
1 123454322
3 184404292
16 123564575
111 123446543
CB070
Sb Hue
MB08
1 0 11 1 2022
1
0
65
CBE02
Tan Son Nhat
MB07
15 30 7 8 2021
0
0
100
MH371
Sb Vinh
MB04
14 0 7 9 2021
1
0
66
CB043
Sb Vinh
MB010
18 0 1 1 2022
1
0
40
MB011
Tan Son Nhat
MB07
21 0 8 8 2021
3
0
100
CBTE
Sb Vinh
MB010
17 30 17 7 2021
3
0
40
MB
Sb Vinh
MB032
12 30 8 8 2021
3
0
450
CBTT12
Sb Hue
MB032
1 30 29 7 2021
3
0
450
CB123
Sb Vinh
MB09
1 0 12 12 2021
1
1
20
2 144714777
CB019
Vinh
MB0E1
12 0 17 8 2021
1
0
627
